px: 30.76577
py: 10.33878
pz: 2.180839
roll: -0.03382716
pitch: -0.01087318
yaw: -3.074113